688
1999090112
1290994721
314608105
1807911215
2077934240
993905251
1528877676
1250451246
1529965862
217982050
939411273
69611449
136116794
617414665
1156393160
66226892
1587607389
1790429183
303845698
1125618458
251622386
574898796
1050515229
449696774
1582001234
1443919794
1162213931
1994352493
1004782000
1977637553
1318031534
856388465
1121148626
1632639639
516816032
1051599218
479061242
2045693708
154566817
2009027104
116192111
1093978090
2078638553
252308905
1711392755
1087548065
318535798
1151516497
730493600
622381496
129651307
982115987
1197280292
1180166536
1431812761
631797879
476602683
446543044
478666724
1481384683
276696949
1796698258
190289500
1397845575
1281854249
707105533
301961146
1760915491
605315593
456527963
1622458948
721507704
1550506053
1553613853
973816610
1114415161
493678271
1292352408
118448010
1224171871
1914733904
248099317
58804210
964530548
1428265853
1490616971
1596328427
1904868536
1937160015
2074995152
1238769572
66373316
1724209762
1429059072
1464218892
858580364
2136164605
1766180038
472012207
593996551
75224353
2094471155
1315504255
1625730406
1500601361
141837217
592661919
1994279632
1434189625
711109929
1070967855
1201439881
959209246
1129772066
18486782
239991452
472905389
1614815209
2144859988
262581757
1542326713
1236145912
328955073
1119052828
517721337
1793173965
1977633192
506402294
1411870355
302161751
1100398845
1487094708
249149259
268419453
965341467
1749750620
410256670
1558003386
1596546604
1844446296
121629668
520030811
898402529
1080838914
1649802877
916889311
1320830366
2122708267
384220873
1318206707
237806376
1926547586
406868971
566761449
898116766
924590308
212451767
728266310
1430992603
1624322122
1030428062
383907800
963933183
1279577321
652327253
1929274650
881844293
1062583924
1339794388
330907249
759546572
1461424056
850938060
1657949101
394779323
353257290
427354765
1715609689
328481909
811575638
886332748
566288285
590639576
1293201720
1133049734
1488756343
70308380
1345501501
69539005
1501300983
822339976
1099967067
1885208784
1786273159
232060740
390052389
1568064161
1113905033
1452636313
760374901
1444812282
64699237
74315310
148266695
1722648339
469094633
501523985
2519456
37220674
830005894
814095094
923553423
1396294179
1404734670
69271495
381860265
746007365
139579875
1727361767
815546371
1640880859
402218095
1915513438
1378605995
41007606
90531
1768658384
1609071767
1113995564
1073811050
221963020
411324199
1138510287
296278330
559590894
713674978
765372963
1061114879
716194434
802593638
1891120773
1530289528
1726147061
1139931304
787540551
1795418556
1521791569
1533547916
1934998431
1101669688
201610639
1428395642
1503887783
2117124078
659517989
1544895389
2117214609
280692726
1006483508
1083726525
1354503776
1228446529
1495050724
345530415
1524724859
2054641618
1059205394
142614175
968272849
1775399828
945207813
711909974
1158205709
523871226
1851841278
1945746260
171806134
1226149200
1331810528
2106804565
180335240
1533421168
1387716560
1684223024
1503061598
2047234549
1081634765
1472792559
180443627
2088118274
409035436
1534947403
1169081155
1904086161
1880477819
546322366
1811244131
792199565
688936541
632033333
420115745
1634144354
1343943307
1578321454
10531932
1048300938
1376584066
182338066
126966490
560910947
141658984
307301730
2094332115
1529375544
1991524754
1449910065
1429126445
925675872
775218976
1609570073
866310498
1184254412
997033828
2035391653
940856925
730027999
434230371
604617409
1522227564
1123166913
1236650742
1942343310
609827619
433110401
1373181116
620359552
1481411339
602281535
802697618
1608377829
1163192482
944356602
1915679560
1110040949
326248498
1759720666
412467366
1755374944
537912890
1187686342
1217461369
1404223388
224457106
67011549
1292131393
1165314032
797039549
1726361765
1769931441
171783465
702045030
859098535
2114126775
1311872649
1292208936
1339824244
1932232201
626136628
1942105779
587446172
87030809
957814613
1531802774
2002710369
2067855562
1858051273
1614947388
332839280
1465942569
5376630
1520525622
535920290
1409600019
1744982728
602931839
554247764
762813112
1399971388
133125881
385260905
1571754854
835170911
1244359440
1538397981
2147043561
389084729
730738577
1931792114
1015221357
525360708
371754638
1102252166
1483175321
1903557413
957478888
1403547235
1614125038
424942628
1736386515
932583959
430319258
1109428489
1468504249
1839919277
706927570
2071436088
246683394
1469740682
1323923829
379809275
1855001588
748195035
1214980187
951877380
139109368
1214540100
1340962109
869847946
998848566
208699818
1395208654
1370603205
1310951985
730900328
1126676970
120947225
2134447563
593318360
545889853
1723350431
1525902319
976209111
685295272
846922920
668644741
1392222842
770875360
915328135
714479877
2094799189
1295137410
421997817
695510576
362633949
1373875197
834619945
1577174049
567353659
1704467891
428538968
776053477
952192897
1799142173
2087005462
1683093225
778335495
60469039
1670057141
1371653855
606358892
1245923924
750072526
1582568004
1931219196
1596995446
103729097
1175958391
220387158
1019057232
1890438268
167702700
166710994
164952437
863213276
529344944
1538827634
1697833221
2106518993
2106181293
1254817464
387574313
734751123
59526714
39232838
674272937
1742619939
817568333
734741977
1265193432
41738540
1341100869
363633708
791811066
776185225
147369257
241322864
879914322
1323327648
461710023
1898971554
1066282268
629412723
2065682549
1231234705
1492625999
447543845
622578691
1042975573
406579190
581276337
150309389
794153504
1316027460
209836103
833386342
1990300397
1952456043
1650954676
577558726
1070165827
1692693216
1918659596
1433799536
337020635
547361173
1581168793
578343499
1427275496
757012793
1040053522
1178763402
1823295061
1669466245
1096962303
907046118
1014608597
1544506148
1529624809
2057584170
1951085339
2110901146
60409911
597755195
1279444958
270246015
1431141537
1122261708
75218410
934612565
1699820434
1145384237
479822134
1470996382
431700125
816842769
2018357556
2012868918
1395186268
1298149404
622398063
287756143
329429158
298209476
1957222388
1426391462
1205255594
824347337
823413962
587396756
734447859
627015653
550814254
794857771
1224770848
1830259213
1065103786
508428738
805037273
1140322196
1443041303
357374059
138222785
1922863437
1828370442
569922911
592222558
1699244350
435308181
1987408827
849910106
1057706245
127681322
1179339264
1355915721
2084903710
458247078
413687668
761767400
1281661041
1001084424
1496215259
1908676694
1551898678
143589382
985963895
1234674243
1208693168
1494392633
2039711516
201531716
789950288
249601928
339754502
565330078
2077972370
909677413
1157552636
1629733072
1344985594
997477815
332159530
255208191
1125159137
1511498794
1611123913
1062579200
1969745873
2024811581
1824346600
1103923266
878412357
1173078211
865116312
282827387
1316667594
1851080207
1517501631
377877114
1197989192
1409729499
579408831
1987939481
1659331427
919163333
405785911
1589820149
1828840746
1563338547
1072069573
1026342692
413332715
1404229103
1281550884
1538491852
768244250
745191149
453587404
590506475
622519082
130450356
1694429741
1500931439
1303528568
412062405
1783758826
472712514
115658965
1153776809
850589628
1313648157
416022661
1429998459
1154103990
2075354088
201678144
1559889901
1517690590
2030518890
