232
1631857073
446975146
1695226408
458252685
883318964
1477317710
657504421
1494295716
1901152532
269479658
1641627678
1801837027
1445230462
589944839
2066655666
1935523396
1659618119
484353639
2091228199
1449813635
497978146
1467969900
1587441616
377708573
1519069876
1291917733
946374796
1348478216
231038117
1423516102
68946800
1862895191
1870491249
1764173208
173664228
606326565
1094007271
831168649
2100622281
847676155
1100648307
1594766311
502029534
398395121
37227502
421201553
186434869
1696845621
905555192
130179421
999175608
1403533338
1598149321
439133576
1781241911
969735550
1731051309
580133060
170730118
1962089427
2003649162
239676918
1677500970
1726656763
2003850127
1851165198
185499680
950373750
534850199
138638313
1798049905
1635498506
1733404625
152595792
2033893628
1770632127
573797345
72844849
1319994101
1479352537
203024270
171686061
735402227
1801173592
610819638
369160490
623425494
194387299
949293550
794155612
8993078
805459065
1033832530
1686494048
384632180
890199009
1390175598
570131861
1840572759
1925025797
708770174
1491139017
1413040656
294691151
1643734809
1299450636
2065323279
70048506
1372295485
1237833732
1549401043
1575319756
1409519793
137319622
1229009700
2020339431
506480112
1852435194
67243083
1455773663
499107158
76236161
113749080
1532939688
1762730210
498381260
275655050
1005422160
1068513121
2116227809
782964310
1777283296
1459883178
48521318
2071974447
956134339
1347971954
1989814078
1026182845
572783791
1080164162
428100240
619899
342200308
565419862
1229629599
215056091
1071899975
934581145
282299174
380189990
1433688303
358535336
493939070
819144344
2121265546
992320330
1094799394
979204058
2060833452
1063543555
1762168368
1690633100
375943086
1810689686
1615123899
1332077425
1011177992
1457454330
210776623
1583961784
390134844
638876863
1584581683
732335152
1204296726
666727635
947391244
128713053
1601308780
1229690418
508903043
887513436
1588225754
1002842113
1706657780
1562007652
1995162443
653973526
393728063
1908512247
1717517081
8412783
1451661699
2093460167
1819102470
919301951
1278053945
682796814
229272633
1488830568
119274950
619407477
2127707431
1703856634
1351742630
1184520509
223100621
151650226
1313233562
1824409401
1381340644
1822136605
564439189
822082751
677495070
123613321
236606755
525173866
777586847
630334818
286202465
347620281
638747602
1737864165
293596800
310366424
509682468
1571650745
993163238
738955101
912997665
