586
174836199
1736261488
911335576
163038686
745410094
1940712007
836712306
643892850
101310061
1366977804
1245382027
285126241
573698996
1606378400
796794711
1617772196
1695578593
213535134
1684011129
1730426400
1772644156
157544640
997921859
1325755441
315912443
2438772
666948756
1697544551
453984540
1867726744
874062489
628820739
1456504585
1785398065
791859425
54431031
1578626424
1628571731
698323881
1679936485
848065887
1943705908
1965062727
1421764884
1402600661
614373790
892053432
950695606
827908924
428580913
533638358
453069432
586125554
1531560217
1778824874
902037997
1533998989
298289982
452098900
1987983529
18533078
1326161389
469320620
1475037663
964075806
1261180045
1529468695
395218582
742268129
80308928
2075155067
1590334016
2024014837
1892734146
864615252
1279131850
359624288
1756668685
82343808
1187533213
37765950
615982167
1640602645
623891504
58736
1271943871
1525929501
1534057726
1570233853
1978028401
1374557607
1588766932
1156706142
1843878228
916320947
2120781948
957574625
298305994
368516882
1699842754
378614923
296188302
1142693123
255146112
41438800
2007308375
1534277962
401063089
1616493412
1616621770
1588596302
1654259363
85120289
1081715299
130667219
85179026
206175523
1656596721
1619236752
1776409376
1487141474
846310711
1217692660
496363969
542705291
2134013608
469662269
1500279917
284835954
838179152
1052639023
663450877
1134367454
47848498
918596989
1175806254
2055156874
305391303
1576869343
1524166638
1922013074
1017981997
1030942353
2007133363
2099697297
1161609573
2092312389
158389172
670722646
1564065493
1934798548
10380472
262892557
1005007561
506744441
805597848
991537521
976406711
158394117
1276373475
1814585863
1211033141
1939824353
801469669
1258881639
710937694
1977275923
1166554865
1016328998
1406661619
543237856
790858424
277159968
1574180209
650508139
229373617
588306134
595336881
387762789
1259028780
11918726
175077690
1269409253
274811283
1180085251
1776153694
1080409132
24139124
605076757
1238803249
1300512599
272178972
302352742
1092853304
1073648641
1561234382
1803790999
903440917
580305599
672636349
162618888
1123543455
1463494773
439778856
550240017
2114002912
669152474
1138546151
561856145
1056915263
250091284
573774872
1231992953
1519500537
848586155
264594556
1148170583
1928995287
288733680
1753247341
1020314889
1589246280
2025426313
1322667631
534615936
951591307
736418365
190923287
1855032224
1316723965
863559636
2017651112
292783772
179570761
309946320
843023789
146090026
979098794
1981569941
707946171
2036014058
84177577
1281721043
1120523363
1603678114
2130307199
1385117920
604365049
1911818838
1673851600
210128742
784650079
1115614232
88071408
2107317711
1650230169
1039662715
696252428
1841153456
747211291
2012976393
557229445
617378755
158276518
736800206
927325075
1001300307
882890232
1906423870
835386600
1590836404
1794954280
919564177
725073799
767993995
375758643
707897350
5628267
980123693
472232541
1679479868
1190252435
1256882620
647610452
1278323843
1216716683
150356973
170502910
1912969112
1991510430
917714201
1778461857
401256227
1535092956
1936738375
1138056433
314934384
790555035
2020946666
73874606
1625941635
1464299422
1868828886
398022165
41889573
489339233
773780808
749786924
494967501
1753904501
1222019465
26963721
796673289
331418437
674574173
2074997132
1548135121
824931147
98016395
1313620585
668957929
1015730596
944598794
1070214156
403339905
733853522
60786941
718274289
1524408557
2081733607
792148895
1002866544
1398549381
513494133
1400888709
1440438955
1002833366
27185870
42742231
1497800867
1781090371
1264761696
1524764588
430280012
1596180133
51855114
357793497
996831606
876786261
455809892
162968543
1545744190
1471540488
1107567338
468474698
1874880393
1841420860
529261639
445671034
1218345769
463511599
1237819929
73728665
1862060980
1751314062
1474617375
1155016287
606663781
1501803245
1197758518
2104464648
1135409968
315036566
1481745589
1565689981
1911216700
1533600703
1923483478
760564658
262903316
231809722
923533202
1808647506
1703350210
2031100540
129638556
1430746956
1725037752
658900195
1876417990
795899873
1122411794
966754272
869628538
836989127
570584686
196762265
1992005414
1177248467
1698565510
1042280285
1134229468
686491831
1357316851
468491409
104698164
1121049903
2002092112
2028181642
1881614562
117511780
112507716
657664116
1926159286
1815857926
541281008
2055797842
1099121234
118835112
567214389
828055577
914734985
1689626184
1794809849
1784363523
379131663
217910887
1981125789
223653429
1395159355
1532207651
1265933714
381905175
71215834
475766918
850396584
175913998
1596816821
705005048
56611992
1330947735
822516828
169119708
1988611851
601192466
1984977635
382409211
509506660
936615221
501244323
1076721049
1764670798
1415979308
618863585
1411996999
1052859184
997995248
1629907887
886501325
1221648678
877583594
271225328
340098744
1259488769
342441163
815865662
2109885353
518355161
265198836
667406753
574967154
1596146571
1489923581
744086862
1437274775
2091116047
581580849
1819683986
453139059
1518196071
173444662
1529860108
1135383221
1589423970
1240046
399896573
494799506
999235294
2029804460
1381300831
73400324
759904406
1652526160
413499069
2019393175
1994967323
1229364731
1981794880
365838836
1494563567
501717985
940805990
943226491
1991641566
1684892853
233017618
1935273965
118990054
2052701604
240929376
1637186125
78662618
1770789484
625085699
1668086589
1772029530
1024982272
15402447
623781177
907303084
1396703279
697181501
1667207490
901745791
1110680570
1539117017
749229466
192561654
1373428249
1115068302
1687125221
1875146234
2055874293
482868064
1719304152
1593283498
715885682
1507094469
1712273552
621103639
1748023845
1201976030
699766257
1371329681
1827061729
220369198
995875564
704560353
235771646
1619656741
1611863437
1632474925
169354594
1131587279
386737068
1280035165
523220648
1135966534
1472596819
1896648897
103551188
1012238392
1624311483
11941833
1495106457
1196131987
1605225331
63508491
555742808
1170015236
684612130
156283005
224507618
1384378388
1527612686
2051569347
1604747586
376004602
608646052
1840519232
1995661343
73025841
1325510509
17532290
1204613120
1712247577
